0 798 415
1 597 55
2 620 34
3 318 557
4 738 750
5 469 846
6 786 622
7 83 948
8 423 645
9 165 804
10 824 314
11 883 671
12 106 758
13 268 415
14 121 746
15 448 684
16 523 240
17 218 22
18 10 245
19 663 552
20 868 263
21 615 743
22 705 62
23 764 184
24 385 833
25 446 294
26 104 590
27 933 296
28 217 885
29 763 981
30 732 60
31 214 284
32 429 536
33 585 716
34 177 104
35 226 561
36 773 449
37 902 297
38 785 553
39 809 449
40 194 138
41 818 916
42 765 291
43 634 228
44 670 250
45 933 56
46 416 934
47 457 420
48 56 453
49 915 894
50 34 958
51 706 191
52 485 113
53 267 500
54 586 199
55 227 972
56 7 374
57 803 210
58 555 942
59 397 450
60 290 711
61 117 520
62 903 521
63 811 377
64 369 150
65 917 314
66 134 896
67 146 775
68 405 761
69 401 946
70 96 237
71 287 662
72 814 526
73 671 483
74 742 21
75 603 228
76 951 125
77 305 445
78 269 200
79 490 128
80 765 469
81 108 864
82 282 591
83 726 916
84 720 927
85 275 420
86 398 640
87 56 349
88 321 381
89 264 882
90 619 541
91 160 841
92 546 546
93 268 808
94 820 610
95 399 730
96 952 142
97 298 493
98 928 420
99 500 276
100 900 473
101 927 586
102 568 452
103 475 404
104 389 44
105 916 169
106 60 695
107 7 683
108 798 141
109 306 717
110 258 625
111 328 60
112 774 900
113 820 543
114 30 123
115 77 47
116 275 977
117 120 433
118 434 660
119 332 441
120 349 440
121 326 715
122 303 427
123 148 656
124 129 888
125 823 734
126 730 100
127 337 739
128 667 16
129 646 698
130 312 295
131 760 286
132 882 141
133 122 12
134 681 349
135 598 638
136 927 884
137 658 103
138 632 946
139 332 888
140 925 266
141 758 396
142 792 325
143 86 409
144 498 414
145 676 258
146 648 535
147 38 109
148 620 590
149 825 399
150 232 101
151 429 513
152 341 191
153 843 528
154 265 727
155 723 535
156 47 912
157 613 274
158 321 236
159 313 754
160 152 184
161 811 725
162 284 864
163 726 279
164 263 572
165 793 97
166 387 956
167 878 301
168 420 296
169 455 124
170 584 305
171 164 418
172 555 564
173 271 532
174 736 34
175 537 52
176 921 947
177 133 256
178 447 59
179 274 15
180 301 526
181 598 521
182 591 511
183 861 870
184 136 137
185 489 58
186 257 840
187 435 169
188 909 181
189 248 720
190 65 280
191 912 730
192 641 215
193 47 737
194 981 181
195 14 859
196 475 471
197 732 212
198 951 805
199 597 177
200 909 758
201 773 549
202 870 901
203 454 111
204 856 278
205 428 629
206 320 415
207 74 172
208 916 161
209 710 886
210 379 808
211 183 626
212 493 307
213 511 568
214 983 704
215 195 791
216 630 91
217 415 94
218 485 903
219 110 613
220 626 25
221 999 127
222 826 458
223 612 808
224 213 957
225 764 252
226 588 626
227 624 437
228 487 967
229 499 434
230 867 879
231 762 90
232 456 541
233 803 923
234 25 25
235 57 908
236 509 193
237 117 588
238 450 693
239 993 913
240 585 954
241 135 330
242 756 47
243 814 791
244 956 980
245 332 45
246 168 688
247 775 547
248 671 100
249 477 54
250 422 57
251 779 91
252 621 60
253 586 338
254 84 984
255 590 924
256 948 426
257 769 940
258 512 545
259 141 343
260 857 940
261 710 893
262 529 594
263 341 822
264 207 550
265 849 586
266 545 333
267 423 300
268 72 608
269 27 685
270 733 193
271 455 643
272 353 720
273 568 702
274 474 648
275 632 974
276 362 367
277 733 894
278 370 984
279 113 533
280 755 934
281 723 42
282 45 708
283 290 379
284 472 78
285 890 789
286 960 252
287 487 559
288 230 570
289 246 861
290 361 632
291 883 146
292 579 467
293 53 620
294 967 832
295 406 516
296 425 499
297 975 926
298 174 54
299 360 265
300 266 661
301 204 738
302 369 326
303 59 114
304 373 782
305 513 421
306 910 567
307 659 819
308 479 470
309 242 871
310 829 769
311 489 494
312 987 371
313 553 65
314 576 686
315 67 134
316 530 454
317 797 20
318 668 771
319 382 19
320 851 953
321 531 302
322 702 509
323 932 972
324 956 782
325 401 126
326 455 841
327 485 102
328 374 551
329 101 290
330 104 400
331 954 481
332 164 652
333 433 174
334 654 622
335 276 498
336 604 852
337 458 831
338 318 626
339 129 541
340 268 516
341 332 77
342 449 422
343 167 604
344 709 201
345 975 41
346 145 899
347 487 41
348 332 868
349 613 995
350 778 6
351 91 701
352 955 853
353 801 804
354 218 321
355 343 617
356 620 376
357 184 17
358 256 625
359 995 216
360 646 128
361 291 900
362 440 562
363 998 634
364 53 854
365 859 517
366 692 514
367 556 66
368 990 547
369 371 897
370 908 817
371 337 564
372 295 882
373 490 498
374 415 27
375 468 27
376 235 276
377 181 630
378 999 845
379 276 774
380 156 474
381 560 534
382 673 950
383 966 266
384 615 174
385 134 219
386 466 678
387 812 222
388 643 588
389 556 931
390 162 769
391 654 524
392 401 790
393 618 967
394 220 53
395 197 136
396 157 75
397 297 847
398 724 717
399 874 421
400 307 921
401 517 497
402 359 292
403 523 436
404 602 28
405 483 61
406 478 406
407 806 662
408 300 594
409 92 476
410 42 597
411 956 396
412 963 546
413 72 274
414 97 323
415 15 420
416 189 57
417 972 958
418 735 320
419 659 152
420 561 504
421 476 520
422 717 345
423 800 867
424 279 374
425 272 380
426 710 771
427 821 200
428 860 225
429 979 60
430 364 943
431 310 816
432 331 908
433 126 884
434 71 985
435 311 508
436 348 214
437 665 968
438 693 260
439 591 35
440 376 583
441 107 672
442 226 707
443 710 220
444 666 445
445 524 898
446 90 227
447 878 440
448 191 411
449 353 258
450 225 264
451 668 351
452 774 36
453 696 455
454 930 220
455 624 825
456 113 229
457 15 917
458 300 992
459 224 640
460 362 685
461 689 237
462 758 209
463 537 69
464 990 213
465 280 497
466 212 568
467 598 929
468 149 392
469 3 798
470 478 876
471 198 997
472 191 359
473 713 931
474 856 519
475 761 706
476 999 621
477 940 866
478 300 978
479 67 44
480 60 473
481 607 346
482 665 553
483 192 261
484 747 46
485 80 49
486 319 599
487 957 750
488 661 27
489 294 713
490 568 353
491 133 584
492 79 232
493 683 149
494 288 767
495 513 478
496 172 106
497 514 341
498 438 580
499 222 121
500 197 691
501 561 795
502 632 595
503 283 101
504 569 392
505 472 410
506 914 869
507 663 840
508 564 506
509 608 308
510 207 536
511 879 114
512 260 821
513 949 788
514 134 602
515 277 692
516 526 202
517 4 474
518 102 15
519 393 125
520 205 46
521 389 227
522 705 913
523 692 509
524 363 322
525 1 542
526 612 634
527 744 102
528 54 528
529 524 2
530 821 274
531 737 414
532 828 228
533 652 452
534 459 597
535 526 938
536 182 849
537 447 235
538 786 630
539 551 381
540 576 716
541 960 365
542 852 2
543 48 641
544 471 168
545 459 735
546 744 459
547 781 230
548 121 176
549 612 456
550 821 751
551 540 273
552 344 623
553 540 259
554 103 790
555 117 563
556 839 101
557 859 286
558 841 437
559 556 193
560 914 679
561 190 104
562 393 985
563 549 8
564 354 820
565 602 878
566 968 728
567 583 626
568 159 158
569 662 127
570 758 745
571 610 292
572 731 898
573 661 324
574 233 250
575 488 657
576 917 706
577 505 186
578 342 797
579 727 334
580 491 10
581 985 290
582 302 73
583 668 325
584 526 235
585 619 812
586 610 296
587 377 833
588 649 449
589 898 579
590 399 295
591 183 116
592 162 913
593 864 562
594 491 488
595 164 404
596 623 8
597 676 309
598 221 646
599 950 723
600 10 5
601 766 533
602 624 410
603 742 378
604 725 138
605 990 177
606 630 847
607 46 499
608 428 190
609 668 738
610 202 163
611 736 453
612 551 539
613 538 700
614 363 624
615 363 90
616 975 257
617 352 304
618 554 117
619 188 934
620 168 983
621 312 348
622 137 598
623 970 360
624 28 318
625 936 701
626 974 840
627 871 537
628 299 125
629 764 222
630 272 955
631 638 871
632 122 430
633 646 515
634 390 530
635 245 623
636 566 646
637 136 929
638 749 120
639 234 617
640 175 889
641 815 141
642 224 282
643 320 562
644 0 120
645 871 430
646 455 683
647 112 472
648 650 841
649 683 201
650 301 399
651 412 161
652 323 234
653 351 55
654 231 391
655 283 129
656 821 940
657 877 943
658 312 377
659 88 656
660 526 266
661 867 804
662 199 589
663 979 783
664 68 54
665 675 622
666 533 798
667 63 64
668 267 459
669 609 295
670 612 678
671 666 182
672 516 78
673 730 360
674 449 661
675 187 964
676 239 95
677 455 964
678 233 40
679 803 588
680 209 187
681 299 413
682 247 877
683 804 730
684 182 52
685 288 332
686 388 70
687 964 998
688 416 507
689 102 378
690 677 394
691 474 427
692 413 353
693 996 376
694 705 596
695 527 790
696 780 885
697 564 978
698 496 917
699 343 523
700 616 66
701 531 785
702 140 961
703 757 876
704 875 874
705 117 964
706 590 145
707 810 257
708 527 358
709 40 570
710 943 202
711 688 554
712 361 225
713 344 168
714 22 144
715 11 349
716 389 278
717 501 106
718 90 190
719 796 277
720 392 954
721 75 42
722 28 569
723 595 616
724 248 144
725 928 129
726 560 529
727 510 782
728 212 502
729 351 253
730 858 59
731 818 483
732 96 518
733 952 475
734 771 249
735 942 447
736 71 246
737 11 665
738 196 346
739 357 219
740 57 280
741 348 75
742 287 473
743 410 328
744 741 129
745 845 315
746 291 53
747 971 312
748 885 844
749 825 486
750 38 654
751 880 880
752 542 140
753 796 436
754 154 164
755 778 832
756 55 680
757 646 627
758 122 902
759 238 47
760 862 710
761 511 302
762 899 679
763 714 397
764 296 72
765 690 436
766 390 244
767 204 889
768 344 292
769 875 986
770 82 631
771 288 251
772 381 582
773 875 513
774 564 578
775 296 614
776 390 394
777 112 239
778 168 328
779 643 441
780 630 207
781 727 690
782 462 615
783 472 850
784 594 726
785 188 688
786 528 662
787 337 205
788 543 857
789 438 277
790 536 286
791 643 829
792 783 959
793 917 76
794 972 172
795 746 375
796 874 362
797 221 845
798 364 935
799 959 693
800 399 773
801 187 762
802 432 803
803 891 442
804 522 542
805 940 20
806 771 249
807 419 840
808 973 373
809 66 436
810 68 971
811 620 341
812 137 127
813 504 299
814 218 283
815 413 743
816 59 658
817 779 930
818 341 700
819 521 367
820 753 598
821 873 442
822 314 916
823 996 466
824 924 555
825 651 986
826 261 959
827 963 119
828 294 728
829 76 108
830 613 591
831 774 557
832 635 921
833 233 528
834 997 158
835 711 132
836 425 844
837 136 472
838 559 28
839 210 65
840 321 319
841 795 208
842 793 922
843 437 911
844 677 692
845 468 369
846 145 3
847 887 642
848 314 714
849 8 130
850 514 63
851 418 719
852 301 299
853 710 197
854 455 323
855 410 623
856 824 346
857 743 722
858 845 338
859 205 865
860 315 260
861 101 599
862 458 376
863 10 415
864 317 532
865 789 236
866 882 801
867 892 737
868 82 310
869 215 786
870 718 541
871 7 769
872 27 524
873 594 245
874 716 116
875 23 69
876 228 608
877 954 654
878 548 373
879 605 995
880 7 244
881 964 26
882 55 758
883 115 386
884 251 274
885 902 30
886 392 626
887 308 379
888 769 303
889 569 272
890 172 420
891 831 873
892 682 248
893 809 40
894 859 660
895 283 471
896 964 126
897 377 925
898 774 912
899 786 414
900 444 61
901 200 27
902 761 89
903 855 914
904 947 801
905 752 683
906 600 253
907 890 109
908 379 369
909 187 829
910 531 715
911 608 786
912 785 490
913 511 868
914 571 813
915 813 784
916 194 531
917 505 20
918 380 422
919 219 337
920 287 7
921 251 17
922 851 654
923 954 776
924 611 522
925 871 319
926 496 330
927 896 394
928 545 11
929 370 899
930 850 946
931 880 239
932 80 298
933 932 658
934 759 678
935 885 805
936 673 99
937 821 336
938 899 815
939 109 785
940 277 66
941 815 348
942 189 262
943 272 294
944 825 245
945 496 847
946 511 572
947 511 657
948 539 417
949 150 906
950 325 687
951 367 478
952 307 19
953 978 965
954 298 688
955 582 986
956 5 692
957 584 920
958 592 584
959 778 936
960 156 526
961 491 905
962 942 412
963 639 383
964 446 390
965 227 733
966 633 971
967 935 105
968 916 475
969 336 979
970 398 66
971 329 156
972 648 883
973 949 745
974 939 513
975 580 83
976 734 381
977 816 29
978 907 699
979 242 280
980 173 872
981 22 904
982 104 50
983 344 755
984 709 292
985 425 328
986 241 564
987 378 544
988 769 689
989 539 979
990 467 321
991 89 954
992 444 582
993 202 922
994 506 874
995 790 68
996 773 167
997 428 594
998 815 841
999 101 307
396 207 253
876 104 395
869 373 513
837 470 139
477 371 30
369 609 862
334 766 888
62 638 982
225 1 697
835 760 341
581 735 78
10 62 854
247 410 387
564 550 367
913 847 218
644 980 945
298 450 168
262 317 619
46 528 358
656 448 330
472 266 874
277 458 688
530 69 227
682 322 104
186 91 375
745 170 629
122 629 654
378 827 123
201 87 47
904 199 188
670 432 529
180 30 967
290 195 585
354 109 573
540 142 756
43 666 466
62 641 900
941 501 231
972 848 206
221 270 772
832 162 441
439 885 60
913 982 467
322 729 356
83 887 37
90 330 705
928 960 810
501 636 296
432 776 853
489 956 451
159 177 539
429 781 772
578 910 423
330 308 233
60 886 511
173 306 242
374 347 284
605 388 679
688 717 663
622 23 117
90 505 782
73 668 328
343 993 57
806 101 232
712 407 541
254 173 212
734 250 240
466 656 67
943 599 623
861 380 815
705 370 877
487 421 973
207 172 230
92 884 627
799 267 815
238 621 91
359 25 434
743 776 775
948 436 140
996 161 869
189 909 397
81 916 85
850 787 738
768 75 581
545 305 408
128 15 884
91 485 304
8 629 779
783 475 69
184 839 437
14 65 485
700 314 935
543 613 822
910 561 411
749 772 179
508 631 786
635 198 785
29 308 718
792 334 383
477 236 80
420 835 60
118 633 73
865 545 973
710 996 300
217 77 207
24 425 355
4 18 472
233 702 440
174 331 362
71 124 854
282 369 531
260 766 581
485 226 683
834 609 17
761 627 4
182 108 926
19 840 208
822 94 740
683 391 457
95 72 751
729 392 38
382 662 731
609 606 103
304 496 568
918 951 873
221 890 170
274 172 642
961 103 484
774 565 470
722 766 120
437 420 120
305 610 494
634 215 429
858 409 511
80 961 766
287 481 612
963 705 354
877 384 249
92 815 436
840 728 952
908 96 356
383 137 232
662 9 125
649 952 649
275 45 492
8 327 956
203 780 417
755 230 115
403 53 277
861 54 362
599 408 255
622 126 5
362 614 448
21 813 993
708 615 462
77 821 240
738 107 690
609 603 226
883 287 481
993 625 143
806 568 792
315 303 370
234 538 103
314 758 350
452 697 797
720 224 768
329 550 869
175 335 112
233 43 180
96 926 589
793 823 360
950 286 943
629 726 460
746 123 995
227 745 517
175 202 362
116 106 547
646 586 701
738 106 480
282 147 202
478 230 250
931 867 511
301 500 598
521 92 336
612 592 211
864 264 21
995 312 64
840 140 22
279 653 961
502 391 199
381 431 122
880 962 33
999 122 303
922 516 608
98 267 812
122 252 307
5 531 73
945 674 923
138 675 459
224 219 451
270 776 552
773 478 858
794 813 284
864 182 512
621 296 244
869 248 254
319 156 123
330 80 931
4 293 714
489 687 993
794 569 182
632 256 951
30 110 388
643 688 124
176 862 404
692 340 650
563 706 926
306 947 89
347 734 99
532 667 958
234 346 699
16 570 125
682 905 366
362 165 702
269 311 467
196 224 801
489 692 972
336 343 852
259 91 615
731 706 139
262 222 343
904 64 129
695 580 792
191 204 487
160 845 384
313 634 381
561 465 649
498 890 50
125 848 608
69 703 512
134 536 820
301 17 277
463 534 370
856 89 940
569 912 445
825 298 497
635 987 40
643 853 321
989 49 913
720 411 554
904 828 697
334 44 164
941 468 976
500 706 545
383 505 846
315 486 711
779 549 550
413 462 359
772 520 905
590 853 680
522 515 46
305 292 381
272 745 233
690 98 613
496 521 437
524 76 233
417 668 351
582 656 7
755 919 370
295 766 639
952 767 551
782 114 506
351 730 349
662 20 253
374 556 697
63 538 846
457 18 165
298 364 314
563 31 258
650 328 34
412 641 391
885 34 471
868 230 913
673 852 956
182 496 887
565 657 845
872 666 126
735 186 816
429 421 986
57 228 276
142 915 168
672 976 192
932 977 271
287 142 718
765 33 619
953 942 791
116 814 458
646 850 382
153 181 623
475 170 792
681 677 40
631 463 331
246 78 770
472 998 869
106 45 181
359 628 45
163 311 37
40 87 40
132 902 42
945 852 878
109 878 554
389 700 275
932 13 822
247 126 35
933 601 379
241 608 253
648 851 579
320 76 167
145 954 564
786 861 610
593 573 867
371 942 514
780 129 268
371 598 840
62 936 257
729 90 331
985 729 380
3 896 133
208 893 802
922 586 19
858 140 348
859 549 724
582 951 416
31 258 606
521 152 24
576 350 981
221 389 337
301 709 480
552 908 252
48 636 207
925 250 142
682 715 34
699 44 637
920 794 548
747 874 991
904 946 844
79 191 984
12 898 994
567 319 652
623 454 188
221 699 72
456 945 666
625 441 537
776 382 74
457 383 705
635 113 328
453 547 145
492 716 212
721 255 867
843 890 1
296 330 859
756 721 824
179 701 852
2 485 235
774 449 936
554 51 708
862 3 912
288 302 252
393 31 61
380 907 792
388 389 657
602 741 148
433 913 478
962 504 603
938 740 193
959 528 396
851 619 202
21 834 730
997 198 97
852 71 299
119 161 768
840 308 78
394 410 221
629 812 663
386 556 954
12 385 432
241 840 872
51 462 393
708 768 876
243 826 836
855 661 32
620 507 897
639 778 965
535 737 652
517 261 59
61 686 368
845 574 837
636 709 281
225 961 792
933 795 117
813 62 642
744 699 628
88 681 390
595 869 16
194 935 441
691 669 634
430 723 804
151 713 895
552 741 395
378 154 139
595 50 333
845 595 625
892 406 340
262 42 543
187 386 259
357 394 597
127 59 424
907 84 971
137 704 216
751 81 817
599 554 998
795 486 589
192 264 692
36 780 785
770 857 92
792 40 808
462 135 6
432 204 18
23 852 634
633 517 638
654 79 408
731 344 86
387 623 673
541 640 754
242 553 975
238 890 475
101 648 221
763 951 867
539 245 850
218 394 616
927 787 524
227 398 760
774 661 912
564 138 773
130 8 709
958 483 225
667 681 176
660 862 703
797 537 492
408 850 40
228 484 68
340 302 757
378 517 815
174 708 675
751 212 748
14 427 74
820 442 27
67 369 194
330 591 758
422 699 458
201 470 20
6 399 314
601 721 686
718 178 446
144 726 240
958 198 166
974 611 181
992 926 679
879 959 134
110 769 332
613 550 710
173 926 93
564 106 523
515 755 581
985 149 556
988 560 784
134 149 128
307 324 192
544 873 97
470 484 597
8 907 121
648 119 309
815 783 741
782 265 63
913 325 729
922 394 371
522 404 938
462 83 448
227 345 4
396 176 204
355 721 530
436 167 394
550 584 742
262 654 285
270 59 549
418 652 747
776 966 227
976 537 236
446 74 181
836 391 793
